69.37
78.03
79.83
26.32
6.50
48.82
17.10
59.00
66.31
3.09
20.76
67.51
83.44
68.08
51.03
31.72
86.35
97.54
72.12
86.35
81.71
14.78
63.39
16.39
39.32
64.10
17.31
89.40
15.98
3.52
95.64
38.22
67.82
23.60
82.42
65.57
84.42
66.43
8.02
83.13
60.62
33.61
32.74
32.88
86.21
87.23
23.65
36.53
85.28
27.61
47.55
94.79
38.65
48.84
80.48
38.82
88.60
47.39
66.17
92.20
37.67
41.02
88.24
15.98
42.71
4.74
70.32
50.92
81.68
4.90
56.84
0.18
76.63
78.47
33.56
66.17
17.49
67.09
95.42
3.24
52.73
60.00
18.54
8.48
31.97
37.97
38.98
78.01
40.43
0.61
97.57
83.12
45.62
97.61
73.93
22.15
31.42
61.49
13.24
25.61
94.12
13.50
14.22
20.89
66.44
2.87
86.72
21.97
99.92
47.66
68.38
24.76
44.19
73.29
24.89
79.76
17.18
56.15
76.28
41.83
64.18
24.21
38.53
25.36
3.92
53.94
37.00
51.35
98.90
15.61
34.12
53.95
99.59
71.11
60.09
30.05
71.80
57.79
26.75
0.17
14.61
79.97
32.02
70.99
9.44
23.65
56.41
92.98
61.80
57.52
8.24
93.08
22.03
77.79
0.09
13.40
80.22
36.03
76.57
88.45
89.68
49.24
5.69
67.01
81.80
14.79
55.37
35.14
50.22
34.08
14.84
49.54
85.16
66.72
46.45
52.09
5.79
78.23
61.00
47.20
59.83
43.98
50.84
23.66
88.92
22.65
47.83
29.42
32.02
2.83
85.11
18.02
64.40
79.89
62.80
31.98
78.16
19.78
19.28
9.81
89.14
41.68
4.97
96.28
6.67
4.42
66.53
12.64
28.32
21.98
35.13
42.23
2.26
44.63
90.23
6.29
28.78
79.19
88.27
47.71
93.76
25.85
42.90
87.72
65.73
70.09
31.61
26.76
37.51
73.63
41.83
91.03
15.59
4.31
90.62
60.62
78.20
73.96
73.39
12.61
81.93
53.22
17.22
11.00
87.37
54.50
31.68
86.27
7.98
18.67
4.15
60.20
57.13
2.79
40.79
32.47
21.88
54.10
20.55
33.49
38.36
57.43
46.17
85.10
38.53
30.16
87.06
83.14
54.40
82.48
43.23
57.86
51.71
81.82
13.52
54.62
8.50
51.98
88.63
34.53
45.94
49.28
97.39
40.15
13.67
49.99
86.55
95.01
1.70
62.09
65.55
23.05
94.51
26.15
7.44
89.21
63.43
67.76
84.42
55.03
49.41
60.88
60.54
10.17
18.78
10.82
94.05
93.80
9.28
27.74
93.12
1.55
63.92
98.42
70.84
28.10
43.64
83.94
12.99
47.48
28.65
56.25
28.28
48.44
45.33
12.14
7.50
12.82
12.89
67.35
99.52
7.53
8.39
3.08
56.72
85.58
69.78
36.03
61.10
83.16
38.71
0.03
83.95
36.57
88.09
95.82
11.26
86.18
14.78
75.63
39.46
32.79
54.14
85.54
73.98
58.96
62.17
54.51
39.11
25.70
62.33
90.41
48.31
37.77
42.02
26.91
36.77
5.00
52.47
19.40
59.12
89.84
32.80
83.34
65.84
20.46
9.91
23.23
80.91
85.48
86.41
79.81
37.44
33.10
77.00
27.57
83.88
81.28
32.02
42.80
34.60
32.77
97.80
2.02
14.63
48.70
19.74
20.16
67.75
69.06
34.20
96.53
61.03
45.05
57.14
35.07
24.95
34.98
14.58
64.96
5.53
56.01
43.80
56.10
41.72
16.22
11.12
25.15
3.25
78.34
3.76
84.28
8.11
82.29
38.04
49.57
80.64
98.63
45.57
67.97
30.60
4.52
17.43
93.33
56.12
24.38
24.13
12.97
86.21
25.64
77.88
61.17
30.53
99.49
50.68
2.73
66.59
87.22
53.04
99.42
89.73
11.52
86.17
5.39
97.81
59.80
91.14
99.74
88.51
5.07
65.71
22.74
80.19
79.21
39.93
87.96
35.19
1.43
82.02
90.71
17.43
24.08
74.47
89.29
56.96
84.68
74.88
26.48
21.60
44.82
38.71
36.03
0.89
43.86
61.82
13.40
39.13
28.30
85.51
12.42
95.67
50.85
34.54
49.85
63.95
84.72
44.36
87.60
12.72
85.64
16.09
10.82
32.23
25.01
67.63
50.15
40.76
63.00
54.03
39.29
76.43
66.90
54.75
65.24
70.86
49.83
46.34
20.04
63.50
73.63
44.85
68.53
29.47
39.12
1.62
14.03
73.39
72.46
33.95
85.53
13.98
41.91
83.69
23.44
3.91
29.13
42.25
81.91
77.17
2.49
27.92
65.75
37.35
87.06
14.05
91.59
50.47
72.06
43.20
18.19
11.32
99.35
67.44
24.40
61.04
76.23
2.47
40.63
38.25
16.01
78.34
26.98
7.75
76.78
17.73
8.66
16.21
28.37
56.32
30.97
36.36
33.11
57.48
64.58
56.09
52.12
16.90
62.17
53.75
17.89
90.97
86.10
10.94
47.41
21.61
29.63
92.40
61.90
74.16
18.57
89.79
51.68
58.18
26.96
57.06
74.88
64.11
18.30
1.21
51.04
46.95
53.95
30.79
52.05
31.62
43.65
23.94
24.47
41.82
26.48
19.95
40.56
37.17
19.46
14.38
49.78
66.62
23.95
50.55
58.41
11.67
22.41
60.44
92.22
23.13
41.56
48.36
22.08
53.47
99.79
74.04
91.10
73.68
28.06
89.41
34.58
66.62
76.12
83.79
8.93
70.40
27.14
77.69
73.24
52.87
77.23
50.72
75.91
30.04
20.02
28.45
56.10
99.69
80.19
11.98
12.14
76.23
78.57
65.81
80.16
96.20
13.87
99.49
13.40
74.67
83.40
54.74
61.54
22.36
83.52
14.75
89.44
73.32
92.25
10.26
27.12
5.49
29.42
36.85
3.05
16.72
25.50
26.46
68.54
33.30
15.90
61.97
55.46
65.02
39.75
56.21
98.88
30.00
27.86
96.20
80.01
37.49
95.60
77.10
69.20
44.38
43.59
94.98
4.21
63.26
18.65
68.72
95.57
39.03
78.86
62.11
29.19
14.28
23.82
21.04
53.36
88.81
42.13
42.93
99.93
51.57
76.58
99.47
98.29
19.63
18.94
34.77
33.32
73.38
11.76
50.79
39.05
17.69
43.96
70.76
0.09
67.27
17.38
85.93
5.35
0.21
86.07
72.17
14.29
16.36
71.13
23.07
75.53
5.33
94.47
36.39
80.74
9.06
71.48
38.98
67.47
62.76
41.19
10.90
23.38
4.45
39.76
49.17
45.18
90.00
56.83
90.54
80.08
81.14
12.44
35.21
49.09
72.71
99.64
96.07
99.02
65.44
22.52
72.24
55.52
83.21
59.52
21.36
87.80
83.93
12.82
38.85
68.91
89.68
40.55
85.71
69.01
6.66
67.84
11.65
37.34
74.52
76.24
7.98
31.04
16.29
42.89
91.41
5.65
64.37
10.88
46.82
87.75
92.34
80.88
79.15
58.32
42.89
23.12
50.68
41.83
62.58
0.58
42.73
96.52
73.62
13.12
44.37
33.09
72.78
35.43
99.95
82.98
74.88
20.24
94.24
42.11
90.84
3.46
0.64
21.90
16.68
68.62
26.49
97.59
28.79
96.41
47.44
45.90
1.81
87.98
80.60
39.34
47.98
63.22
27.73
12.10
91.02
32.31
17.75
76.32
47.42
38.79
82.40
78.07
33.39
49.62
92.83
16.39
44.64
48.01
47.86
6.78
44.76
94.79
45.99
85.90
74.85
92.98
55.41
68.43
40.44
5.57
45.69
85.32
25.09
66.14
25.49
41.82
51.58
51.62
81.46
11.18
92.90
96.11
94.42
58.95
78.23
57.71
55.86
77.73
88.56
30.57
41.56
74.23
